Helicopter 0.0 354.387592 100.352 455.787592
Helicopter 0.0 350.291032 104.448 455.787592
Helicopter 0.0 357.460688 179.2 442.47241999999994
Helicopter 0.0 363.606204 185.344 445.54551599999996
Helicopter 82.944 369.75172 286.72 424.036548
Helicopter 153.6 374.87242 313.344 419.939312
Helicopter 156.672 378.96965600000004 308.224 415.842752
Helicopter 225.28 379.993796 366.592 420.963452
Helicopter 249.856 381.01793599999996 372.736 420.963452
Helicopter 307.2 402.52758000000006 381.952 420.963452
Helicopter 410.624 332.878624 825.344 455.787592
Helicopter 687.104 330.83034399999997 1022.976 491.63654799999995
Helicopter 735.232 329.806204 1022.976 459.88482799999997
Helicopter 761.856 375.89723599999996 1014.784 481.393796
