Helicopter 62.08 78.72 912.0 309.12
Helicopter 7.04 156.80025600000002 374.4 307.20000000000005
Helicopter 302.72 298.239744 424.96 343.040256
Helicopter 373.76 277.760256 531.2 333.44025600000003
Helicopter 373.76 260.480256 542.08 329.600256
Helicopter 416.0 307.20000000000005 518.4 339.84000000000003
Helicopter 462.72 307.20000000000005 527.36 337.280256
Helicopter 522.24 298.880256 622.72 337.280256
Helicopter 583.04 308.480256 668.8 338.55974399999997
Helicopter 600.32 271.359744 785.28 321.279744
Helicopter 618.88 230.39999999999998 771.84 300.159744
