Helicopter 27.52 12.81114 452.48 201.13170499999998
Helicopter 417.28 181.27485000000001 434.56 194.72613500000003
Helicopter 474.24 174.86928 497.28 186.3991
Helicopter 538.24 165.901585 564.48 179.99353
Helicopter 554.24 162.69879999999998 588.16 176.1506
Helicopter 572.16 210.0994 627.2 236.361825
Helicopter 666.88 216.50496999999996 711.68 237.64314500000003
Helicopter 761.6 196.007455 805.76 216.50496999999996
Helicopter 792.96 186.3991 834.56 206.25647
Helicopter 804.48 113.376735 887.04 147.32605
Helicopter 905.6 110.17395 1005.44 152.4503
