Airplane 0.0 10.891691999999999 1023.36 406.83081599999997
Airplane 110.72 613.769184 391.04 720.121752
Airplane 215.68 492.04033200000003 790.4 667.586556
Airplane 350.72 670.789728 577.92 736.139124
Airplane 560.64 661.179456 624.64 755.359668
Airplane 659.2 609.92568 971.52 692.573112
Airplane 677.12 622.098036 1023.36 754.7185799999999
Airplane 804.48 483.712236 1023.36 577.250604
Airplane 808.32 374.796828 1023.36 439.50513600000005
Airplane 956.8 538.1691840000001 1022.08 604.8000000000001
