Airplane 2.56 375.680256 71.04 425.60025599999994
Airplane 3.84 424.32 1023.36 767.360256
Airplane 74.88 316.160256 347.52 419.199744
Airplane 380.8 341.12025600000004 504.96 395.52
Airplane 445.44 351.99974399999996 519.68 382.08
Airplane 471.68 351.99974399999996 539.52 378.24
Airplane 531.2 318.71999999999997 664.96 383.36025600000005
Airplane 688.64 327.680256 760.32 364.79999999999995
Airplane 703.36 333.44025600000003 737.28 362.88
Airplane 716.8 320.00025600000004 800.0 366.080256
Airplane 749.44 303.99974399999996 885.76 367.359744
Airplane 838.4 256.640256 1023.36 364.79999999999995
