Airplane 142.000128 425.0 176.0 445.99976
Airplane 220.000256 390.99999999999994 256.0 418.0000800000001
Airplane 300.99967999999996 435.00008 336.0 462.00016
Airplane 323.00032000000004 355.00012000000004 360.999936 380.99992
Airplane 376.000512 402.99996000000004 417.99987200000004 426.00028
Airplane 400.0 338.99972 433.999872 363.00032
Airplane 465.999872 367.00008 501.999616 397.00032
Airplane 485.00019199999997 312.99992 522.999808 338.99972
Airplane 531.00032 402.99996000000004 565.000192 430.00003999999996
Airplane 554.999808 338.99972 595.00032 362.00003999999996
Airplane 583.000064 421.99984 620.99968 450.00019999999995
Airplane 613.9996160000001 358.00028000000003 650.999808 382.99980000000005
Airplane 677.9996160000001 377.99976 711.999488 401.00008
Airplane 734.999552 394.99976 766.999552 416.99980000000005
