Airplane 107.419648 54.22095 176.690176 79.32414
Airplane 112.439296 73.299345 189.74105600000001 114.46743000000001
Airplane 162.635776 14.05761 190.7456 66.27054
Airplane 190.7456 58.237725 294.14912000000004 96.39378
Airplane 194.760704 33.13527 263.027712 70.28657999999999
Airplane 337.317888 0.0 450.760704 74.303355
Airplane 400.564224 94.385025 678.65088 305.246235
Airplane 492.92595199999994 0.0 592.313344 26.106465
Airplane 668.611584 16.065630000000002 780.0473599999999 78.319395
Airplane 680.658944 0.0 755.9526400000001 28.114485000000002
Airplane 684.6740480000001 82.33617 865.3803519999999 136.55712
Airplane 765.991936 127.520295 1022.99648 238.975695
Airplane 775.0277120000001 2.00802 891.4821119999999 47.19288
Airplane 783.058944 29.118495 865.3803519999999 99.40581
Airplane 869.3964800000001 1.00401 1020.988416 147.6027
Airplane 964.768768 99.40581 1022.99648 177.72520500000002
