Airplane 0.0 468.48 279.04 551.679744
Airplane 56.96 427.520256 205.44 483.84000000000003
Airplane 161.92 241.92000000000002 673.92 456.320256
Airplane 181.12 322.56 300.16 346.880256
Airplane 311.04 263.04 382.08 295.040256
Airplane 324.48 379.520256 376.96 427.520256
Airplane 371.84 395.52 528.0 453.75974399999996
Airplane 419.2 259.20000000000005 444.8 277.760256
Airplane 440.32 420.48 567.68 483.84000000000003
Airplane 503.04 273.920256 538.24 298.880256
Airplane 531.84 257.919744 588.8 330.87974399999996
Airplane 551.04 158.079744 1023.36 343.68
Airplane 570.24 291.200256 616.32 301.44
Airplane 682.88 270.080256 816.0 325.119744
Airplane 723.84 412.79999999999995 1023.36 546.560256
Airplane 728.96 232.959744 817.28 268.79999999999995
Airplane 766.08 375.680256 935.04 423.03974400000004
Airplane 922.24 379.520256 976.0 420.48
