Airplane 0.0 509.11323500000003 195.2 576.90974
Airplane 281.6 455.387315 352.64 488.00633
Airplane 293.76 430.44372500000003 344.96 447.07278499999995
Airplane 337.28 492.48348999999996 471.68 550.6865700000001
Airplane 341.76 457.94579 426.24 490.564805
Airplane 375.04 422.129195 405.12 433.0022
Airplane 431.36 422.129195 461.44 438.11846500000007
Airplane 442.88 460.50426500000003 544.0 498.24022999999994
Airplane 467.84 500.79801999999995 663.68 569.2343149999999
Airplane 474.24 426.60567 500.48 435.55999
Airplane 531.2 419.57071999999994 576.64 445.79389
Airplane 557.44 443.23541500000005 616.32 472.01706
Airplane 562.56 459.22537000000005 682.88 509.11323500000003
Airplane 664.96 435.55999 720.0 460.50426500000003
Airplane 727.68 469.45858499999997 865.28 518.067555
Airplane 736.64 441.955835 849.92 481.61048500000004
Airplane 764.8 430.44372500000003 821.12 456.666895
Airplane 839.04 423.40809 911.36 445.79389
Airplane 941.44 415.732665 1017.6 438.11846500000007
Airplane 990.08 452.82884 1022.72 460.50426500000003
