Airplane 67.84 226.626085 127.36 279.121745
Airplane 102.4 113.31338500000001 157.44 155.56555500000002
Airplane 102.4 322.013705 165.12 370.66788499999996
Airplane 213.76 420.60301499999997 263.68 467.97693
Airplane 225.28 58.257194999999996 291.2 110.75216999999999
Airplane 346.24 364.26656 405.12 410.35952499999996
Airplane 351.36 134.43947 411.52 200.378255
Airplane 430.08 268.23846499999996 487.68 322.013705
Airplane 481.28 87.06555499999999 542.72 144.04180000000002
Airplane 637.44 186.934445 711.04 249.03243500000002
Airplane 716.16 311.7709 791.04 370.66788499999996
Airplane 737.28 425.724075 813.44 482.701005
