Airplane 0.0 361.362323 34.56 382.505271
Airplane 0.0 265.255344 37.12 272.943875
Airplane 7.04 160.17852599999998 46.08 181.32147400000002
Airplane 30.72 306.260615 87.04 328.685554
Airplane 62.08 341.5 124.8 370.33216200000004
Airplane 63.36 139.034895 129.92 166.585066
Airplane 89.6 392.757101 254.72 455.546657
Airplane 128.64 237.70449 280.96 290.24289899999997
Airplane 147.2 321.637677 200.96 341.5
Airplane 168.32 291.524207 225.92 308.823914
Airplane 210.56 306.260615 259.84 324.200976
Airplane 250.88 382.505271 329.6 407.49350899999996
Airplane 268.16 240.267106 370.56 278.710444
Airplane 278.4 455.546657 493.44 546.528404
Airplane 333.44 370.33216200000004 472.96 437.60697899999997
Airplane 514.56 408.774817 762.88 496.552611
Airplane 555.52 554.216935 832.0 679.1553929999999
Airplane 748.16 469.00175700000005 940.8 555.498243
