Airplane 288.0 8.795072000000001 656.799744 135.920554
Airplane 0.0 192.686824 163.999744 259.048152
Airplane 0.0 269.44183200000003 994.400256 424.551138
Airplane 185.6 356.59051999999997 1023.2002560000001 655.615466
Airplane 510.39948799999996 111.934614 672.799744 195.085418
Airplane 646.4 0.0 943.2002560000001 60.764154000000005
Airplane 742.4 345.397536 1023.2002560000001 466.925844
Airplane 799.200256 24.785244 935.1997439999999 89.547282
Airplane 815.200256 55.16766199999999 937.6 127.924786
Airplane 831.200256 358.9891140000001 1023.2002560000001 419.75395
