Airplane 0.0 174.25428 1023.36 680.359179
Airplane 77.44 385.665282 296.32 449.088174
Airplane 129.92 485.604756 662.4 680.359179
Airplane 296.32 265.224984 446.08 321.60088799999994
Airplane 407.68 141.581262 607.36 213.97360500000002
Airplane 410.24 0.0 1023.36 164.003868
Airplane 561.28 513.152568 855.04 680.359179
Airplane 604.8 171.691677 734.72 224.224017
Airplane 713.6 172.972638 833.92 220.379772
Airplane 723.84 280.599921 760.96 310.06951499999997
Airplane 764.8 96.736731 835.84 153.75345600000003
Airplane 878.72 182.58222900000004 1023.36 235.114569
Airplane 888.32 446.525571 1023.36 615.6546450000001
Airplane 893.44 226.78662 1004.8 255.61539300000004
Airplane 949.76 341.46089099999995 1016.32 376.69583100000006
Airplane 949.76 237.67717199999998 1023.36 281.88156299999997
