Airplane 0.0 404.037403 151.04 461.665644
Airplane 0.0 211.943512 329.6 398.27479999999997
Airplane 176.0 233.714492 309.76 316.954957
Airplane 266.24 207.46107800000001 408.32 267.010678
Airplane 286.08 278.535884 427.52 320.796938
Airplane 286.08 372.66183900000004 443.52 418.124421
Airplane 325.12 380.98625400000003 539.52 454.622135
Airplane 329.6 53.78625999999999 1023.36 365.61832999999996
Airplane 334.72 385.4679509999999 489.6 457.82366299999995
Airplane 402.56 207.46107800000001 449.92 229.87251100000003
Airplane 403.84 267.010678 464.64 298.385505
Airplane 462.08 208.74198400000003 517.12 234.994661
Airplane 497.28 427.7290049999999 1023.36 550.668712
Airplane 775.68 229.87251100000003 960.64 322.077107
Airplane 791.04 366.899236 884.48 423.887024
Airplane 794.88 145.99159300000002 1023.36 214.50458700000001
Airplane 852.48 275.97480900000005 910.72 329.76106899999996
Airplane 873.6 360.49618 1023.36 429.00991099999993
