Airplane 0.0 182.528136 923.52 415.011528
Airplane 1.28 21.134916 338.56 204.94349999999997
Airplane 3.84 198.53920799999997 1023.36 683.359776
Airplane 232.32 14.730624000000002 620.16 122.325876
Airplane 234.88 182.528136 418.56 261.303048
Airplane 268.8 172.281132 435.2 236.326104
Airplane 456.32 90.943956 587.52 152.42666400000002
Airplane 532.48 0.0 771.2 53.797968
Airplane 533.76 136.415592 705.92 197.25876000000002
Airplane 584.96 78.77559600000001 769.92 173.56158
Airplane 720.0 328.55050800000004 857.6 391.31434800000005
Airplane 769.92 316.38214800000003 1023.36 451.516608
Airplane 777.6 27.539208 919.68 83.89875599999999
Airplane 848.64 78.77559600000001 1019.52 152.42666400000002
Airplane 907.52 168.43842 1023.36 207.505764
Airplane 917.12 152.42666400000002 983.68 172.281132
