Airplane 17.92 430.559102 157.44 493.348658
Airplane 132.48 524.744119 322.56 594.5815520000001
Airplane 177.92 378.02069300000005 289.92 426.073841
Airplane 325.12 205.669058 666.24 326.76359199999996
Airplane 356.48 465.798487 486.4 545.88775
Airplane 387.84 200.54314300000001 528.64 271.66256699999997
Airplane 461.44 330.60819899999996 583.68 381.864617
Airplane 494.72 398.52367 621.44 464.517179
Airplane 604.8 362.00297699999993 716.16 410.696779
Airplane 620.16 214.63889700000001 828.8 287.039629
