Airplane 0.0 335.09277699999996 294.4 411.337433
Airplane 160.64 315.230454 338.56 383.787262
Airplane 207.36 317.793753 354.56 372.894778
Airplane 239.36 320.35636900000003 378.24 372.894778
Airplane 270.72 322.91898499999996 423.04 366.48755500000004
Airplane 357.12 296.650122 764.16 446.576818
Airplane 526.72 312.66783799999996 577.92 350.469839
Airplane 559.36 311.38653000000005 619.52 365.206247
Airplane 572.16 302.416691 666.88 375.45807699999995
Airplane 635.52 288.961591 1008.0 405.571547
