Airplane 10.24 298.362688 178.56 375.83464799999996
Airplane 46.72 99.241088 211.84 179.27384800000002
Airplane 50.56 469.31393599999996 193.28 505.16823999999997
Airplane 83.84 198.482176 248.32 281.075736
Airplane 146.56 592.243976 250.88 637.7028320000001
Airplane 260.48 323.973792 430.08 396.963576
Airplane 277.76 676.7589120000001 378.88 728.620544
Airplane 309.76 174.15147199999998 467.2 215.769128
Airplane 339.2 57.623432 499.2 124.851416
Airplane 343.04 448.18500800000004 441.6 514.772016
Airplane 430.08 585.841976 547.2 636.422432
Airplane 499.2 286.198112 659.2 327.81499199999996
Airplane 531.2 138.297168 700.8 211.28695199999999
Airplane 547.2 685.7224879999999 650.24 732.461744
Airplane 558.08 452.026208 672.64 510.930816
Airplane 618.24 24.329928 824.96 124.851416
Airplane 688.64 202.323376 851.84 240.73925599999998
Airplane 703.36 594.805552 814.72 621.69628
Airplane 743.68 306.68683999999996 903.68 337.41876800000006
Airplane 790.4 430.898056 935.68 510.930816
Airplane 790.4 133.81499200000002 958.72 169.02987199999998
Airplane 810.24 696.60744 918.4 717.736368
