Airplane 16.64 340.859346 229.12 415.82269400000007
Airplane 112.64 384.42791600000004 241.28 430.559102
Airplane 201.6 331.889507 334.08 372.254124
Airplane 207.36 271.66256699999997 414.08 347.266569
Airplane 279.04 288.320937 416.0 324.200976
Airplane 367.36 196.699219 568.96 271.66256699999997
Airplane 393.6 330.60819899999996 522.24 376.73938499999997
Airplane 517.76 372.254124 645.12 419.66730100000007
Airplane 571.52 276.787799 773.76 347.266569
Airplane 784.64 345.985261 986.24 422.22991699999994
