Airplane 0.0 0.0 537.6 679.35944
Airplane 67.2 290.05672 233.6 364.33176
Airplane 90.88 470.6212 257.28 637.74004
Airplane 375.68 297.74004 519.68 366.8926399999999
Airplane 395.52 419.39748000000003 798.08 628.1357200000001
Airplane 506.88 320.15080000000006 627.2 371.37452
Airplane 554.88 151.11095999999998 965.12 259.32207999999997
Airplane 609.28 307.34436 779.52 356.0072
Airplane 620.8 361.12963999999994 951.68 488.55008000000004
Airplane 647.04 228.58744000000002 745.6 278.5314
Airplane 693.12 229.86787999999999 815.36 261.24308
Airplane 732.16 271.48796 896.64 340.0
Airplane 816.64 370.0940800000001 1023.36 461.65743999999995
Airplane 820.48 242.67431999999997 945.28 307.34436
Airplane 924.16 181.20504 1023.36 333.59712
