Airplane 159.333376 363.33363199999997 325.332992 447.333376
Airplane 299.33363199999997 551.999488 446.000128 620.66688
Airplane 346.667008 382.00012799999996 507.333632 451.999744
Airplane 456.667136 662.66624 604.0002559999999 736.0
Airplane 484.666368 508.66688 638.666752 573.333504
Airplane 511.333376 378.667008 665.33376 447.333376
Airplane 607.3333759999999 669.333504 752.6666240000001 732.66688
Airplane 642.666496 590.666752 787.9997440000001 660.6663679999999
Airplane 677.332992 489.33376 828.0002559999999 557.333504
Airplane 679.332864 375.33286400000003 831.3333759999999 450.666496
