Airplane 29.599744 354.191926 86.4 378.977852
Airplane 48.799744 378.977852 176.0 480.518104
Airplane 143.200256 495.708972 226.400256 529.2892879999999
Airplane 166.4 524.4921 257.60051200000004 561.2709960000001
Airplane 186.399744 313.41651 320.0 378.177866
Airplane 199.19974399999998 558.8724020000001 297.6 603.645702
Airplane 305.60051200000004 372.581374 369.60051200000004 403.763096
Airplane 358.4 398.965908 701.599744 549.2780260000001
Airplane 448.0 314.215814 487.19974400000007 334.20387000000005
Airplane 479.20025599999997 322.2109 511.20025599999997 342.19963800000005
Airplane 504.80025599999993 331.805276 537.6 347.79613
Airplane 545.599488 348.59543399999995 596.799488 370.18278
Airplane 656.0 378.977852 962.400256 476.52022000000005
