Airplane 414.999552 65.99975 625.999872 186.000105
Airplane 432.0 435.99976 469.00019199999997 474.000135
Airplane 433.00044800000006 393.99967 481.999872 414.00030000000004
Airplane 474.000384 543.000185 510.000128 555.000015
Airplane 487.999488 387.00034 552.999936 421.99973
Airplane 487.999488 386.00024 561.000448 423.99993
Airplane 519.000064 446.000075 556.99968 463.99982
Airplane 524.99968 543.000185 556.99968 565.0003300000001
Airplane 561.999872 389.99995500000006 606.000128 427.999645
Airplane 567.000064 394.99977 604.99968 426.00012999999996
Airplane 574.000128 543.000185 609.999872 565.0003300000001
Airplane 615.000064 400.00027 673.999872 423.99993
Airplane 618.0003839999999 450.99988999999994 663.000064 469.99973500000004
Airplane 620.99968 549.0001000000001 670.000128 579.999775
Airplane 625.999872 498.999895 654.000128 518.99984
