Airplane 0.0 520.305302 51.2 577.939076
Airplane 0.0 0.0 70.4 40.02317
Airplane 0.0 384.22516 78.400512 504.296034
Airplane 0.0 179.305302 96.0 260.952978
Airplane 0.0 278.563582 120.00051200000001 377.821862
Airplane 24.000512 100.85893399999999 147.2 169.69933200000003
Airplane 64.0 520.305302 256.0 680.399346
Airplane 75.199488 1.6006539999999998 167.99948799999999 46.42715
Airplane 96.0 41.624506000000004 198.4 97.65694400000001
Airplane 115.2 184.107946 240.0 265.755622
Airplane 123.19948799999999 377.821862 294.4 513.901322
Airplane 145.600512 268.957612 291.2 374.619872
Airplane 156.8 105.66225999999999 272.0 172.901322
Airplane 184.00051200000001 0.0 276.799488 49.62914
Airplane 198.4 41.624506000000004 300.8 102.46026999999998
Airplane 256.0 182.507292 380.8 275.36159200000003
Airplane 263.999488 515.502658 459.200512 680.399346
Airplane 286.39948799999996 110.464904 385.60051200000004 169.69933200000003
Airplane 302.39948799999996 0.0 398.39948799999996 41.624506000000004
Airplane 307.2 48.028486 403.2 107.262914
Airplane 307.2 374.619872 459.200512 509.098678
Airplane 313.6 272.159602 467.2 377.821862
Airplane 379.200512 179.305302 504.000512 262.55431400000003
Airplane 404.799488 100.85893399999999 516.799488 174.502658
Airplane 412.8 0.0 504.000512 43.225159999999995
Airplane 414.39948799999996 40.02317 513.599488 96.05629
Airplane 483.2 265.755622 619.200512 373.018536
Airplane 489.6 513.901322 676.799488 667.5913859999999
Airplane 491.200512 384.22516 662.4 507.497342
Airplane 513.599488 0.0 628.799488 41.624506000000004
Airplane 513.599488 192.11258 633.6 270.558948
Airplane 515.2 96.05629 694.4 187.309936
Airplane 523.200512 46.42715 630.4 100.85893399999999
Airplane 622.400512 0.0 768.0 51.22979399999999
Airplane 636.8 46.42715 756.799488 112.065558
Airplane 638.400512 275.36159200000003 795.200512 379.422516
Airplane 644.799488 184.107946 782.400512 267.356958
Airplane 660.799488 379.422516 844.8 509.098678
Airplane 672.0 91.253646 857.6 190.51192600000002
Airplane 684.8 517.103312 881.5994880000001 675.59602
Airplane 747.200512 0.0 848.0 54.43178399999999
Airplane 766.400512 177.70396599999998 915.2 268.957612
Airplane 793.6 260.952978 966.4 363.413248
Airplane 819.2 91.253646 1008.0 187.309936
Airplane 828.8 384.22516 1022.4005119999999 523.507292
Airplane 841.6 0.0 950.4 46.42715
Airplane 864.0 517.103312 1022.4005119999999 680.399346
Airplane 880.0 49.62914 1012.7994880000001 100.85893399999999
Airplane 894.4005119999999 179.305302 1022.4005119999999 259.352324
Airplane 929.5994880000001 0.0 1022.4005119999999 43.225159999999995
Airplane 963.2 288.16887 1022.4005119999999 345.802644
Airplane 966.4 123.272182 1022.4005119999999 164.896688
Airplane 1004.8 395.431784 1022.4005119999999 427.451002
