Airplane 0.0 191.30362200000002 35.2 262.542024
Airplane 7.199744 0.0 39.199744 42.423192
Airplane 27.200512 331.379712 104.800256 428.23188
Airplane 31.200256 454.64637600000003 116.80051200000001 532.288404
Airplane 51.999744 168.8913 104.800256 253.73768399999997
Airplane 60.00025600000001 0.0 99.99974399999999 32.818122
Airplane 133.600256 156.08478599999998 193.600512 229.72464
Airplane 216.00051200000001 315.371016 264.800256 368.19926999999996
Airplane 224.0 134.473194 280.800256 213.715944
Airplane 261.600256 311.36884200000003 303.200256 373.80290399999996
Airplane 348.000256 314.570286 368.799744 341.785512
Airplane 371.2 104.05652400000001 435.2 175.294926
Airplane 403.2 392.212314 445.59974400000004 435.436236
Airplane 405.600256 266.544198 445.59974400000004 316.971738
Airplane 408.800256 507.47536799999995 498.40025599999996 569.1087
Airplane 520.800256 280.15218 602.399744 369.80073
Airplane 689.599488 0.0 762.399744 51.227532000000004
Airplane 713.6 67.236228 762.399744 111.260142
Airplane 796.8 0.0 839.1997439999999 42.423192
Airplane 833.599488 386.609418 925.599744 473.05652399999997
Airplane 899.2 89.64855 936.8002560000001 171.292752
Airplane 907.2005119999999 0.0 933.6002560000001 28.015218
Airplane 981.6002560000001 88.84782000000001 1023.2002560000001 137.674638
