Airplane 3.84 87.777794 52.48 105.717472
Airplane 211.2 281.913714 268.8 294.72815999999995
Airplane 226.56 214.63889700000001 287.36 229.375305
Airplane 230.4 517.055588 264.96 539.4805269999999
Airplane 237.44 351.75114700000006 350.08 376.73938499999997
Airplane 242.56 418.38530999999995 301.44 435.685017
Airplane 248.96 404.289556 311.04 423.511225
Airplane 254.08 234.50122000000002 325.12 250.518936
Airplane 289.92 278.06910700000003 348.8 301.77603700000003
Airplane 295.68 75.604002 327.04 94.185017
Airplane 304.0 217.201513 363.52 230.65661300000002
Airplane 327.04 152.48999500000002 375.68 169.789019
Airplane 336.0 143.51947299999998 375.68 149.926696
Airplane 339.84 151.208004 378.24 160.81918
Airplane 339.84 90.34041 387.84 104.43616399999999
Airplane 339.84 237.063836 397.44 254.36285999999998
Airplane 341.12 80.729917 389.76 89.05910200000001
Airplane 346.24 214.63889700000001 400.0 228.093997
Airplane 364.8 283.195022 446.08 299.212738
Airplane 372.48 240.90776 430.08 258.20746699999995
Airplane 382.72 535.6359199999999 447.36 554.857589
Airplane 385.28 219.124158 433.92 231.937921
Airplane 391.04 514.492289 453.76 536.917228
Airplane 407.68 95.46632500000001 447.36 108.28077099999999
Airplane 408.96 83.292533 456.32 95.46632500000001
Airplane 408.96 429.27779400000003 466.56 448.49878
Airplane 408.96 389.5531480000001 473.6 405.571547
Airplane 411.52 401.08628600000003 472.32 420.948609
Airplane 435.2 99.310249 477.44 112.124695
Airplane 446.08 175.555588 483.84 192.854612
Airplane 446.08 548.450366 491.52 567.030698
Airplane 451.2 435.685017 511.36 461.95388
Airplane 451.2 472.20570999999995 515.2 493.348658
Airplane 455.04 240.90776 512.64 256.926159
Airplane 456.32 156.974573 494.72 172.992289
Airplane 456.32 410.696779 511.36 427.355832
Airplane 456.32 220.405466 513.92 238.345144
Airplane 456.32 284.47633 523.52 308.182577
Airplane 466.56 90.34041 519.04 110.843387
Airplane 466.56 426.073841 527.36 442.09224
Airplane 478.72 172.992289 524.8 187.08804300000003
Airplane 491.52 151.84865800000003 529.92 164.663104
Airplane 492.8 159.53718899999998 531.2 175.555588
Airplane 497.28 89.05910200000001 551.04 112.124695
Airplane 702.72 430.559102 768.64 445.936164
Airplane 702.72 447.21747200000004 768.64 460.672572
Airplane 708.48 414.541386 768.64 430.559102
Airplane 709.76 459.391264 766.08 478.61225
Airplane 716.8 490.14538799999997 781.44 516.4149339999999
