Airplane 0.0 346.239744 5.12 358.400256
Airplane 17.28 350.079744 92.8 375.03974400000004
Airplane 64.64 327.680256 223.36 385.91999999999996
Airplane 218.24 332.799744 311.04 375.03974400000004
Airplane 323.84 352.640256 348.8 368.64
Airplane 344.32 341.12025600000004 403.84 362.240256
Airplane 400.64 343.68 463.36 359.679744
Airplane 425.6 338.55974399999997 490.24 359.679744
Airplane 431.36 302.720256 985.6 450.56025600000004
Airplane 491.52 346.239744 529.92 362.240256
Airplane 586.24 334.08 673.28 367.359744
Airplane 664.32 320.00025600000004 706.56 367.359744
Airplane 682.88 320.00025600000004 947.2 372.48
Airplane 772.48 320.00025600000004 1023.36 382.08
