Airplane 0.0 374.49809999999997 626.56 730.43118
Airplane 0.0 0.0 809.6 412.90798499999994
Airplane 135.04 227.25931500000002 582.4 364.25551500000006
Airplane 437.12 23.04639 1023.36 355.93308
Airplane 651.52 425.711025 957.44 577.43118
Airplane 710.4 192.69049499999997 979.2 355.93308
Airplane 753.92 346.97034 1023.36 421.86996000000005
Airplane 808.96 362.97490500000004 880.64 451.31786999999997
Airplane 817.28 42.250949999999996 1023.36 192.69049499999997
Airplane 868.48 70.41825 1023.36 256.06692000000004
