Airplane 78.08 176.105457 99.84 196.59734600000002
Airplane 108.8 172.90319200000002 131.2 194.03640299999998
Airplane 126.72 52.511063 152.32 76.20521699999999
Airplane 137.6 177.386363 162.56 203.001876
Airplane 138.88 83.25019999999999 174.72 113.34801499999999
Airplane 162.56 113.34801499999999 193.92 141.524471
Airplane 168.96 183.149571 193.92 201.080517
Airplane 176.0 153.692209 201.6 172.90319200000002
Airplane 190.72 181.868665 213.12 199.799611
Airplane 247.68 12.166869 693.12 107.584807
Airplane 270.08 404.081524 385.92 444.425718
Airplane 416.0 90.934767 888.32 366.939595
