Airplane 17.999872 403.000052 90.999808 426.999989
Airplane 71.999488 433.000144 147.00032 462.00032400000003
Airplane 142.999552 388.999918 199.99948799999999 404.99987600000003
Airplane 174.999552 420.999834 245.000192 449.00010199999997
Airplane 241.000448 473.999951 392.999936 519.000089
Airplane 293.999616 372.000048 348.000256 389.99983000000003
Airplane 414.999552 447.000278 526.999552 484.999666
Airplane 469.999616 309.000128 526.999552 325.99999800000006
Airplane 481.00044800000006 579.0002729999999 670.999552 653.99982
Airplane 544.0 426.0000769999999 650.999808 458.999905
Airplane 586.0003839999999 321.999667 638.999552 346.00028700000007
Airplane 670.999552 398.999721 775.999488 433.000144
Airplane 684.0002559999999 534.000135 848.0 589.999988
Airplane 720.0 349.99993499999994 792.000512 375.99969600000003
Airplane 744.999936 304.999797 794.0003839999999 325.99999800000006
Airplane 805.000192 335.999801 876.000256 362.000245
Airplane 842.0003839999999 502.000219 990.0001279999999 548.000269
Airplane 896.0 325.99999800000006 956.9996800000001 349.99993499999994
Airplane 968.9999359999999 318.000019 1022.999552 344.99969200000004
