Airplane 357.76 448.640256 392.32 465.920256
Airplane 387.2 347.52 404.48 355.20000000000005
Airplane 410.88 432.63974399999995 435.84 448.640256
Airplane 451.2 346.239744 472.32 356.480256
Airplane 469.76 364.79999999999995 490.88 372.48
Airplane 524.8 419.840256 554.24 429.440256
Airplane 576.0 465.920256 610.56 487.040256
Airplane 583.04 357.759744 599.04 367.359744
Airplane 625.28 344.319744 641.92 353.28000000000003
Airplane 643.84 349.44 664.96 360.320256
Airplane 752.64 435.84000000000003 784.0 449.28
Airplane 776.96 399.99974399999996 812.8 412.79999999999995
Airplane 837.76 415.359744 885.76 435.200256
Airplane 883.2 432.63974399999995 926.72 451.20000000000005
Airplane 983.68 467.199744 1023.36 483.200256
