Airplane 116.48 156.416436 222.72 186.545268
Airplane 156.8 68.592204 268.8 107.696484
Airplane 314.24 207.70002 412.8 231.41908800000002
Airplane 369.28 357.70600800000005 460.16 378.86007600000005
Airplane 398.72 276.29222400000003 500.48 310.267872
Airplane 402.56 81.4131 513.92 108.97829999999999
Airplane 465.28 461.55567600000006 558.72 489.12087600000007
Airplane 545.28 383.988708 636.16 410.27209200000004
Airplane 609.92 591.688728 696.32 623.10006
Airplane 621.44 287.831304 725.12 317.96082
Airplane 667.52 505.14699599999994 759.04 524.3783400000001
Airplane 753.92 421.81048799999996 851.2 448.09387200000003
Airplane 852.48 551.9435400000001 941.44 573.0982919999999
