Airplane 9.6 272.64 222.72 375.680256
Airplane 85.12 263.04 327.04 336.0
Airplane 106.24 268.160256 273.28 336.0
Airplane 188.16 307.20000000000005 800.0 484.479744
Airplane 264.96 259.20000000000005 443.52 357.12
Airplane 421.12 232.959744 597.12 297.6
Airplane 421.12 266.88 603.52 339.84000000000003
Airplane 513.92 273.920256 722.56 339.84000000000003
Airplane 609.28 241.92000000000002 803.2 288.0
Airplane 687.36 182.39999999999998 750.72 207.36
Airplane 721.28 260.480256 945.28 358.400256
Airplane 787.84 227.199744 1023.36 342.399744
