Airplane 0.0 377.378562 158.399488 430.14762999999994
Airplane 0.0 176.69665200000003 369.60051200000004 271.840426
Airplane 0.0 107.137426 604.0002559999999 206.279084
Airplane 5.600256 349.394738 718.400512 626.832338
Airplane 8.800256 247.05518200000003 303.200256 340.600348
Airplane 49.599488 134.32126399999999 1023.2002560000001 633.2288159999999
Airplane 568.800256 568.4667780000001 807.999488 681.200696
Airplane 641.599488 552.475924 860.8 607.6435859999999
Airplane 748.8 0.0 1023.2002560000001 160.705798
Airplane 830.400512 536.4850700000001 1023.2002560000001 599.6485
Airplane 889.6 424.551138 1023.2002560000001 576.461864
