Airplane 0.0 610.841484 87.199744 681.200696
Airplane 0.0 107.137426 1023.2002560000001 667.608436
Airplane 19.2 381.376446 965.6002560000001 647.62038
Airplane 24.800256 454.932874 246.4 499.706856
Airplane 57.6 383.77504 262.4 456.532164
Airplane 97.599488 581.2590520000001 319.200256 663.610552
Airplane 517.600256 554.075214 753.599488 605.2449919999999
Airplane 794.399744 603.645702 1023.2002560000001 681.200696
Airplane 822.4 516.497014 910.4005119999999 586.855544
Airplane 909.599744 526.0913899999999 1023.2002560000001 603.645702
