Airplane 0.0 184.959744 119.68 277.760256
Airplane 0.0 282.87974399999996 133.12 423.03974400000004
Airplane 0.0 49.280256 685.44 145.92000000000002
Airplane 0.0 0.0 1023.36 579.84
Airplane 112.64 0.0 599.04 58.880256
Airplane 481.28 195.84 778.88 282.87974399999996
Airplane 510.72 118.400256 633.6 152.319744
Airplane 520.96 140.799744 696.96 169.599744
Airplane 535.04 156.159744 784.0 362.240256
Airplane 623.36 50.559744 771.2 97.28025600000001
Airplane 723.2 214.400256 1014.4 333.44025600000003
Airplane 752.64 153.60000000000002 860.16 193.280256
Airplane 922.88 219.519744 1023.36 382.08
