Airplane 16.64 311.82692 1023.36 679.35944
Airplane 22.4 598.0416399999999 217.6 675.51812
Airplane 110.08 20.48976 503.68 370.73463999999996
Airplane 219.52 414.27504 341.76 477.66463999999996
Airplane 301.44 305.42404 672.64 402.74972
Airplane 373.76 170.32028 562.56 239.47287999999998
Airplane 391.04 222.82512000000003 558.72 275.32928
Airplane 516.48 197.8528 686.08 256.76052
Airplane 611.2 250.35764000000003 663.68 270.20684
Airplane 634.88 267.0054 697.6 291.97772000000003
Airplane 656.64 342.56087999999994 778.24 414.27504
Airplane 675.2 213.22012 1023.36 344.48188
Airplane 696.32 284.29372 750.08 306.70448
Airplane 702.72 252.9192 768.64 280.45171999999997
Airplane 760.96 271.48796 823.68 304.14292
Airplane 782.08 390.58384 832.0 414.27504
Airplane 784.64 377.13752000000005 1023.36 479.58563999999996
Airplane 792.32 183.12604000000002 860.16 291.97772000000003
