Airplane 21.12 237.70449 67.2 255.00351399999997
Airplane 84.48 226.17135199999998 135.68 256.285505
Airplane 131.84 224.89004400000002 223.36 255.00351399999997
Airplane 167.68 335.733431 331.52 399.80497799999995
Airplane 299.52 226.17135199999998 345.6 242.83040499999998
Airplane 304.0 362.00297699999993 497.28 424.79253300000005
Airplane 383.36 274.225183 429.44 304.979307
Airplane 383.36 291.524207 472.96 337.655393
Airplane 412.16 276.147145 460.8 296.650122
Airplane 418.56 233.86056599999998 615.04 270.380576
Airplane 450.56 321.637677 540.8 375.45807699999995
Airplane 462.08 269.099268 554.24 307.54192300000005
Airplane 539.52 286.398975 628.48 341.5
Airplane 545.28 351.75114700000006 728.96 424.79253300000005
Airplane 548.48 266.536652 588.8 283.83567600000003
Airplane 704.64 331.889507 863.36 394.679063
