Airplane 0.0 234.962934 186.88 338.679984
Airplane 0.0 316.27208399999995 364.8 566.600532
Airplane 83.2 161.33687999999998 325.76 284.901024
Airplane 197.76 313.711278 556.16 396.30049199999996
Airplane 273.28 188.86707 407.04 282.34021800000005
Airplane 325.12 276.577896 943.36 542.91189
Airplane 403.2 190.147134 560.0 302.187312
Airplane 408.96 416.147586 1023.36 642.787392
Airplane 474.24 412.306038 605.44 452.64025799999996
Airplane 526.72 243.926094 622.08 297.705054
Airplane 737.92 452.64025799999996 967.04 574.92366
