Airplane 0.0 303.360192 160.0 396.160128
Airplane 0.0 0.0 531.2 182.400192
Airplane 0.0 77.439744 1023.36 575.360064
Airplane 16.64 74.88 667.52 247.040064
Airplane 211.2 83.840256 355.2 143.360064
Airplane 471.04 30.079872 593.92 103.67999999999999
Airplane 501.76 138.24 545.92 171.52012800000003
Airplane 501.76 106.880256 574.72 140.799744
Airplane 535.68 204.159744 615.68 240.640128
Airplane 573.44 210.56025599999998 668.16 243.19987200000003
Airplane 587.52 0.0 682.24 40.959936000000006
Airplane 634.88 40.959936000000006 742.4 89.600256
Airplane 650.24 165.760128 1023.36 296.960256
Airplane 743.68 69.759936 832.64 102.400128
Airplane 757.12 0.0 901.12 77.439744
Airplane 855.04 56.320128000000004 997.12 89.600256
Airplane 875.52 256.640256 1023.36 294.39993599999997
