Airplane 73.728 430.1204 321.536 499.75919999999996
Airplane 104.448 268.31304 337.92 335.90368
Airplane 120.832 129.03611999999998 350.208 174.09632
Airplane 129.024 71.68696 358.4 129.03611999999998
Airplane 253.952 452.65084 505.856 620.60268
Airplane 290.816 135.1806 524.288 280.60268
Airplane 536.576 438.31304 774.144 503.85552000000007
Airplane 563.2 237.59063999999998 772.096 307.22875999999997
Airplane 567.296 63.49364 776.192 131.08428
Airplane 700.416 88.07224 935.936 251.92776000000003
Airplane 702.464 462.89164 937.984 626.74716
Airplane 704.512 266.26488 933.888 428.07224
