Airplane 0.0 35.239385 26.24 55.74236199999999
Airplane 0.0 508.08506600000004 61.44 564.4680820000001
Airplane 0.0 254.36285999999998 99.2 278.06910700000003
Airplane 0.0 280.632406 110.08 309.464568
Airplane 91.52 442.09224 234.88 503.600488
Airplane 236.16 544.605759 418.56 624.695022
Airplane 246.4 385.709224 366.08 444.65485599999994
Airplane 393.6 213.357589 730.88 345.985261
Airplane 453.76 481.816203 590.08 560.6241580000001
Airplane 461.44 205.669058 582.4 280.632406
Airplane 591.36 419.66730100000007 720.0 474.768326
Airplane 689.92 373.53543199999996 800.0 430.559102
Airplane 698.88 192.854612 912.64 290.88355299999995
Airplane 847.36 32.035432 882.56 46.77184
