Airplane 0.0 367.61785199999997 1022.72 682.718868
Airplane 192.0 482.899212 259.84 505.95480000000003
Airplane 192.0 464.96610000000004 268.8 481.61807999999996
Airplane 200.96 412.44926399999997 254.72 431.66282399999994
Airplane 202.24 444.472092 262.4 464.96610000000004
Airplane 372.48 411.168816 421.12 422.696268
Airplane 390.4 425.25853199999995 439.04 440.62937999999997
Airplane 392.96 439.348248 448.0 454.719096
Airplane 414.72 470.08994399999995 492.8 488.02237199999996
Airplane 456.96 517.482936 541.44 553.348476
Airplane 659.2 404.76384 691.2 423.9774
Airplane 788.48 471.371076 837.12 495.707796
