Airplane 0.0 268.458614 83.84 301.77603700000003
Airplane 5.12 350.469839 56.32 370.9728160000001
Airplane 16.64 383.146608 99.2 411.9780870000001
Airplane 24.96 169.148365 60.16 188.36935099999997
Airplane 72.96 148.004734 149.12 178.11820400000002
Airplane 85.12 326.76359199999996 147.84 345.985261
Airplane 125.44 362.00297699999993 192.64 401.08628600000003
Airplane 177.92 254.36285999999998 346.24 306.901269
Airplane 182.4 424.79253300000005 353.92 493.348658
Airplane 216.32 338.29673 287.36 383.146608
Airplane 224.0 309.464568 288.64 330.60819899999996
Airplane 289.92 326.76359199999996 327.68 339.578038
Airplane 338.56 264.61469 428.8 294.72815999999995
Airplane 341.12 414.541386 424.96 440.81024899999994
Airplane 406.4 501.037872 668.8 609.958614
Airplane 440.32 408.134163 584.96 473.48701800000003
Airplane 652.16 430.559102 915.84 549.731674
Airplane 744.96 618.2877990000001 1002.24 682.3593460000001
Airplane 923.52 519.618204 1023.36 622.132406
