Airplane 0.0 0.0 140.16 42.927916
Airplane 60.16 242.189751 293.76 324.200976
Airplane 136.32 514.492289 304.0 581.1264520000001
Airplane 325.12 451.06207900000004 478.72 513.210981
Airplane 462.72 393.3977550000001 595.2 451.06207900000004
Airplane 519.04 570.875305 714.88 661.2157149999999
Airplane 587.52 204.38775 970.88 347.266569
Airplane 637.44 204.38775 789.76 254.36285999999998
Airplane 734.72 508.08506600000004 881.28 599.707467
Airplane 778.88 345.985261 912.64 392.116447
Airplane 867.2 438.247633 1007.36 501.037872
Airplane 881.28 215.920205 1023.36 293.446852
Airplane 949.76 393.3977550000001 1023.36 440.81024899999994
