Airplane 174.08 56.32 600.747008 327.68
Airplane 34.132992 0.0 88.747008 23.892992
Airplane 35.84 112.64 100.692992 151.892992
Airplane 40.96 51.2 109.22700800000001 88.747008
Airplane 49.492992 242.34700800000002 95.572992 278.187008
Airplane 49.492992 184.32 105.812992 220.16
Airplane 51.2 307.2 109.22700800000001 346.452992
Airplane 63.14700799999999 375.467008 102.4 409.6
Airplane 63.14700799999999 498.347008 114.347008 542.72
Airplane 69.972992 438.612992 112.64 465.92
Airplane 69.972992 638.292992 119.467008 670.72
Airplane 75.09299200000001 568.32 117.76 607.572992
Airplane 78.507008 759.467008 122.88 798.72
Airplane 81.92 692.907008 129.707008 735.572992
Airplane 81.92 894.292992 129.707008 926.72
Airplane 85.332992 824.32 136.53299199999998 861.867008
Airplane 88.747008 952.32 129.707008 991.572992
