Airplane 46.08 140.16 67.2 167.679744
Airplane 85.76 165.12 98.56 188.799744
Airplane 118.4 145.280256 146.56 177.279744
Airplane 163.84 172.160256 182.4 195.84
Airplane 209.92 154.880256 241.92 197.12025600000004
Airplane 263.04 186.24 286.72 216.95999999999998
Airplane 323.84 167.679744 367.36 215.679744
Airplane 393.6 204.800256 419.2 238.07999999999998
Airplane 471.68 181.119744 533.76 229.76025600000003
Airplane 567.04 224.64 609.28 264.320256
Airplane 672.64 196.47974399999998 764.16 265.599744
