Airplane 11.52 465.990822 159.36 512.78216
Airplane 150.4 494.834648 293.76 556.368098
Airplane 192.64 549.958662 235.52 586.494084
Airplane 272.64 546.1128640000001 312.96 586.494084
Airplane 275.2 478.810376 392.96 527.524272
Airplane 337.92 541.6259859999999 390.4 581.3668080000001
Airplane 392.96 514.0636380000001 437.76 547.395024
Airplane 431.36 473.682418 605.44 532.65223
Airplane 576.64 515.3457980000001 624.0 544.830704
Airplane 611.2 472.400258 727.68 531.37007
Airplane 616.32 462.78542200000004 730.24 537.7801880000001
Airplane 625.28 541.6259859999999 676.48 578.802488
Airplane 705.28 547.395024 752.64 580.084648
Airplane 713.6 501.244084 793.6 552.5223
Airplane 767.36 452.53018800000007 974.72 548.676502
Airplane 793.6 543.548544 833.92 583.9304460000001
Airplane 847.36 536.498028 910.08 573.67453
Airplane 916.48 548.676502 967.68 576.2388500000001
