Airplane 414.08 41.646608 626.56 246.03367500000002
Airplane 231.68 372.894778 268.8 406.85285500000003
Airplane 260.48 312.66783799999996 297.6 355.59575400000006
Airplane 295.04 245.39302099999998 340.48 291.524207
Airplane 330.24 172.992289 382.72 225.530698
Airplane 507.52 256.285505 549.12 304.33865299999997
Airplane 661.12 141.597511 704.0 195.417228
Airplane 721.28 199.261835 764.8 245.39302099999998
Airplane 768.64 260.129429 812.8 300.49404599999997
Airplane 815.36 316.51244499999996 856.32 350.469839
