Airplane 456.11315199999996 19.821216 621.971456 124.33210799999999
Airplane 189.295616 9.009336000000001 319.09888 77.48232
Airplane 301.070336 100.90749600000001 427.268096 297.316548
Airplane 384.0 302.721924 508.394496 491.92305600000003
Airplane 479.54944000000006 165.77652 623.77472 297.316548
Airplane 519.211008 369.39292800000004 594.929664 461.290524
Airplane 593.1264 416.242716 652.619776 490.12164
Airplane 614.760448 34.236492 742.760448 106.312872
Airplane 623.77472 154.96464 708.506624 243.25884000000002
Airplane 641.803264 273.891372 722.929664 356.77963200000005
