Airplane 74.88 0.0 909.44 767.360256
Airplane 108.16 55.67999999999999 320.0 140.16
Airplane 192.64 198.399744 281.6 245.76
Airplane 218.88 251.52 281.6 285.44025600000003
Airplane 286.72 195.84 366.08 225.920256
Airplane 296.96 247.040256 372.48 282.87974399999996
Airplane 356.48 68.480256 425.6 138.879744
Airplane 372.48 187.520256 465.28 220.79999999999998
Airplane 392.32 231.680256 469.12 282.87974399999996
Airplane 723.2 183.680256 819.84 215.679744
Airplane 810.24 227.199744 875.52 260.480256
Airplane 821.12 166.400256 910.72 219.519744
