Airplane 213.000192 344.99969200000004 277.999616 364.999981
Airplane 270.999552 316.00019499999996 330.000384 335.999801
Airplane 320.0 287.99992699999996 387.999744 305.99970899999994
Airplane 378.99980800000003 269.000233 439.00006399999995 286.00010299999997
Airplane 421.00019199999997 442.999947 490.000384 470.000303
Airplane 432.0 245.000296 504.000512 268.000321
Airplane 494.99955199999994 269.000233 554.999808 288.999839
Airplane 547.9997440000001 292.00025800000003 606.000128 304.999797
Airplane 595.9997440000001 313.999688 659.9997440000001 333.999977
Airplane 641.000448 346.00028700000007 707.9997440000001 365.999893
