Airplane 0.0 424.94370100000003 200.459264 630.3962560000001
Airplane 0.0 150.58085 275.790848 408.354212
Airplane 2.553856 150.58085 145.55648 199.072426
Airplane 84.269056 58.700936 481.3568 215.66191500000002
Airplane 205.565952 186.311447 804.388864 451.741829
Airplane 310.26483199999996 441.53246900000005 610.31424 719.72383
Airplane 368.997376 47.216127 786.51392 197.79625600000003
Airplane 464.75775999999996 51.043915999999996 1022.7230720000001 306.265659
Airplane 594.992128 0.0 863.122432 145.47617
Airplane 647.34208 274.362851 1022.7230720000001 676.336213
