Airplane 124.16 514.492289 255.36 583.689751
Airplane 191.36 376.73938499999997 326.4 453.62469500000003
Airplane 264.96 260.770083 389.76 340.859346
Airplane 313.6 163.38179599999998 452.48 237.063836
Airplane 366.08 490.78604199999995 496.0 572.1566130000001
Airplane 417.28 359.439678 549.76 434.403709
Airplane 447.36 245.39302099999998 579.84 319.715715
Airplane 535.04 461.95388 668.8 540.761835
Airplane 588.8 330.60819899999996 721.28 406.85285500000003
Airplane 726.4 430.559102 863.36 509.367057
