Airplane 73.737216 398.523148 717.156352 563.880368
Airplane 0.0 321.197512 212.887552 406.85046
Airplane 53.51936 204.614548 228.34892799999997 308.111736
Airplane 317.54752 254.57901600000002 507.83744 303.35327199999995
Airplane 382.95961600000004 235.54516 587.521024 273.612872
Airplane 396.04224 329.524824 883.6608 405.660844
Airplane 624.3901440000001 246.251704 852.7390720000001 279.560952
Airplane 645.797888 254.57901600000002 902.689792 303.35327199999995
Airplane 719.535104 480.606652 868.199424 594.8103840000001
Airplane 941.937664 215.32109200000002 1022.8111359999999 286.698648
