Airplane 0.0 307.54192300000005 54.4 337.655393
Airplane 36.48 295.368814 185.6 370.33216200000004
Airplane 51.84 409.415471 216.32 449.13943399999994
Airplane 130.56 290.24289899999997 215.04 335.09277699999996
Airplane 176.64 328.0449 309.12 387.631186
Airplane 210.56 295.368814 350.08 342.78130799999997
Airplane 301.44 424.151879 408.96 461.95388
Airplane 356.48 310.10522199999997 408.96 362.643631
Airplane 402.56 215.279551 822.4 417.74465599999996
Airplane 636.16 417.74465599999996 793.6 465.15783300000004
Airplane 890.24 424.151879 1022.72 475.40898
