Airplane 3.84 350.720256 343.04 435.200256
Airplane 5.12 353.28000000000003 346.88 435.200256
Airplane 15.36 583.6800000000001 259.84 697.599744
Airplane 124.16 312.320256 197.12 380.15999999999997
Airplane 172.8 305.919744 224.0 372.48
Airplane 332.8 305.919744 450.56 359.679744
Airplane 353.28 497.91974400000004 536.32 547.839744
Airplane 389.12 307.20000000000005 558.08 382.719744
Airplane 439.04 449.28 563.2 490.23974400000003
Airplane 510.72 313.599744 705.28 386.559744
Airplane 541.44 491.52 718.08 541.4399999999999
Airplane 669.44 436.479744 794.88 473.60025599999994
Airplane 752.64 522.24 1022.72 592.640256
Airplane 780.8 285.44025600000003 1022.72 367.359744
Airplane 844.8 472.32 997.12 523.520256
