Airplane 0.0 248.319744 204.8 437.76
Airplane 0.0 549.12 305.28 767.360256
Airplane 0.0 0.0 466.56 183.680256
Airplane 0.0 218.240256 606.72 602.88
Airplane 0.64 595.2 1023.36 767.360256
Airplane 1.28 4.479744 1023.36 688.640256
Airplane 80.0 260.480256 109.44 309.12
Airplane 112.0 547.2 472.96 649.599744
Airplane 231.04 215.679744 357.76 256.640256
Airplane 281.6 273.920256 391.04 293.76
Airplane 281.6 136.32 549.76 245.76
Airplane 288.0 254.079744 429.44 296.319744
Airplane 448.0 238.07999999999998 573.44 289.280256
Airplane 508.8 39.680256 810.24 186.24
Airplane 570.88 193.280256 683.52 240.63974399999998
Airplane 615.68 241.92000000000002 733.44 286.719744
Airplane 725.76 256.640256 824.96 300.159744
Airplane 789.12 208.640256 933.12 256.640256
Airplane 794.24 245.76 1023.36 285.44025600000003
Airplane 897.92 146.559744 1023.36 222.08025600000002
