Airplane 95.36 268.9264 151.68 354.08687999999995
Airplane 97.92 333.59712 154.24 464.85888
Airplane 152.96 322.71168 209.28 409.1526
Airplane 155.52 265.0844 196.48 323.99280000000005
Airplane 156.8 468.70088 246.4 548.73824
Airplane 188.8 250.35764000000003 281.6 316.3088
Airplane 190.08 157.51384000000002 279.04 224.10556
Airplane 242.56 172.88116 340.48 274.04884
Airplane 252.8 265.0844 387.84 402.74972
Airplane 272.64 473.82331999999997 441.6 594.8402
Airplane 321.28 380.33896 369.28 456.535
Airplane 401.28 423.87936 633.6 599.96264
Airplane 424.96 135.10376 593.92 300.30159999999995
Airplane 441.6 185.04704000000004 822.4 460.37631999999996
Airplane 621.44 447.57056 806.4 581.39388
Airplane 709.12 356.64776 826.24 473.82331999999997
Airplane 750.08 224.10556 828.8 290.05672
Airplane 828.8 301.58204 968.96 505.19784
Airplane 832.64 238.83231999999998 911.36 358.56876
Airplane 871.04 354.08687999999995 908.8 422.59891999999996
