Airplane 692.48 276.48 734.72 296.319744
Airplane 719.36 249.60000000000002 760.32 264.320256
Airplane 729.6 273.920256 776.32 295.040256
Airplane 746.88 203.52 777.6 223.359744
Airplane 776.32 247.040256 816.0 261.759744
Airplane 786.56 208.640256 821.12 224.64
Airplane 794.24 259.20000000000005 821.12 277.760256
Airplane 822.4 245.76 851.2 261.759744
Airplane 831.36 208.640256 863.36 223.359744
Airplane 852.48 239.36025600000002 881.92 251.52
Airplane 875.52 214.400256 909.44 228.48
Airplane 887.04 229.76025600000003 921.6 239.36025600000002
Airplane 925.44 211.839744 952.96 225.920256
