Airplane 27.52 129.178581 65.28 192.161165
Airplane 52.48 127.89342300000001 87.68 179.307772
Airplane 76.16 123.39459300000001 106.24 188.305173
Airplane 99.2 118.253184 136.32 189.59059000000002
Airplane 124.16 118.253184 181.12 188.305173
Airplane 160.0 102.828698 211.2 184.449181
Airplane 201.6 102.828698 271.36 190.876007
Airplane 258.56 85.47647500000001 366.08 190.876007
Airplane 335.36 80.335066 519.04 192.161165
Airplane 426.24 60.412009000000005 750.08 197.302833
Airplane 563.84 30.205875000000002 981.12 206.30023400000002
