Airplane 146.56 122.96980999999998 248.96 164.600378
Airplane 209.92 64.687168 307.84 133.21735800000002
Airplane 251.52 122.96980999999998 338.56 197.26415
Airplane 309.12 85.82264 394.88 113.363021
Airplane 334.08 114.64377300000001 431.36 175.48830199999998
Airplane 397.44 70.451318 487.68 117.20565999999998
Airplane 513.92 109.519999 615.04 149.229056
Airplane 551.04 58.282642 638.72 112.08188600000001
Airplane 587.52 119.76754700000001 693.76 160.757356
Airplane 647.68 59.56339400000001 759.68 122.96980999999998
Airplane 755.2 73.013205 868.48 122.96980999999998
Airplane 864.0 41.630568000000004 967.04 122.329434
