Airplane 0.0 249.00404199999997 99.84 338.61978899999997
Airplane 3.2 249.00404199999997 138.24 261.166223
Airplane 72.32 272.68775 190.72 333.49865500000004
Airplane 158.08 270.12718300000006 369.28 313.65477300000003
Airplane 199.68 217.63795 711.68 402.630549
Airplane 664.32 307.253697 945.28 393.668906
Airplane 758.4 296.37214100000006 798.08 333.49865500000004
Airplane 779.52 307.253697 832.0 338.61978899999997
Airplane 820.48 308.53432200000003 894.08 339.899731
Airplane 920.32 311.09488899999997 1023.36 375.10564899999997
