Airplane 37.525504 427.23611099999994 107.524096 458.990196
Airplane 152.264704 412.80243599999994 189.068288 443.113488
Airplane 240.304128 323.313651 350.71488 340.634061
Airplane 291.540992 342.07776300000006 404.83737599999995 370.945113
Airplane 497.20627199999996 355.06773599999997 591.740928 382.49205299999994
Airplane 591.740928 290.83838399999996 641.533952 313.210413
Airplane 602.565632 352.18100100000004 644.419584 369.501411
Airplane 650.914816 323.313651 743.283712 355.06773599999997
Airplane 735.3456639999999 278.569593 785.138688 289.394682
Airplane 794.520576 283.62121199999996 824.828928 297.333036
Airplane 832.766976 297.333036 881.1161599999999 315.37529700000005
Airplane 893.38368 207.84492 933.79584 232.38183300000003
Airplane 898.4350720000001 297.333036 951.114752 315.37529700000005
Airplane 928.744448 217.948158 979.9802880000001 240.320187
Airplane 954.7233279999999 311.766711 1002.350592 331.252674
