Airplane 0.0 2.7920599999999998 67.95673599999999 53.98074
Airplane 0.0 356.4603 151.73836799999998 459.76926000000003
Airplane 0.0 0.0 284.85836800000004 137.744595
Airplane 0.0 156.358785 1002.5891839999999 684.069085
Airplane 72.610816 182.41824 379.810816 352.73801000000003
Airplane 147.08326399999999 322.024665 434.73408 471.868415
Airplane 183.389184 28.8522 487.796736 175.90320499999999
Airplane 434.73408 0.0 787.549184 125.64544000000001
Airplane 444.97407999999996 172.180915 754.036736 347.153205
Airplane 656.2908160000001 330.400845 891.810816 486.75962999999996
Airplane 704.698368 27.921284999999997 1018.4140800000001 206.61655000000002
Airplane 863.883264 193.587165 1023.069184 353.66823999999997
