Airplane 848.64 698.24 1010.56 923.52
Airplane 0.0 515.2 128.0 763.52
Airplane 0.0 240.64 131.2 480.64
Airplane 14.08 989.44 82.56 1023.36
Airplane 68.48 781.44 283.52 979.2
Airplane 94.72 23.68 299.52 214.4
Airplane 149.12 513.92 268.16 662.4
Airplane 152.32 345.6 276.48 499.84
Airplane 232.96 683.52 364.16 805.76
Airplane 254.08 207.36 378.24 324.48
Airplane 281.6 400.0 364.16 497.92
Airplane 290.56 510.08 362.24 611.84
Airplane 304.64 908.8 556.8 1023.36
Airplane 327.68 0.0 583.04 107.52
Airplane 336.0 618.88 421.76 697.6
Airplane 344.96 316.16 430.72 394.88
Airplane 360.32 508.16 414.72 567.68
Airplane 373.12 445.44 423.68 501.12
Airplane 378.24 762.24 540.8 877.44
Airplane 390.4 149.76 560.0 263.68
Airplane 399.36 385.92 469.12 443.52
Airplane 400.64 579.84 451.84 631.04
Airplane 421.76 506.88 453.12 550.4
Airplane 430.72 288.0 542.72 357.76
Airplane 432.64 664.32 523.52 737.28
Airplane 446.08 541.44 474.24 583.68
Airplane 449.92 445.44 572.16 567.68
Airplane 455.04 608.0 524.8 655.36
Airplane 460.16 361.6 533.76 412.16
Airplane 483.2 569.6 516.48 604.8
Airplane 514.56 557.44 560.0 590.72
Airplane 530.56 600.96 583.04 650.24
Airplane 531.84 428.16 558.08 457.6
Airplane 535.68 653.44 631.68 728.96
Airplane 537.6 371.84 591.36 424.32
Airplane 549.76 298.24 642.56 368.64
Airplane 554.88 536.32 598.4 574.72
Airplane 558.08 447.36 596.48 494.08
Airplane 560.0 744.32 712.32 865.28
Airplane 572.16 488.96 609.28 524.16
Airplane 572.16 163.84 712.32 286.08
Airplane 584.32 882.56 826.24 1022.72
Airplane 593.28 552.32 642.56 608.0
Airplane 593.28 417.28 647.68 473.6
Airplane 605.44 0.0 841.6 147.84
Airplane 607.36 483.84 661.76 546.56
Airplane 631.68 569.6 722.56 660.48
Airplane 642.56 371.84 724.48 462.72
Airplane 672.0 455.68 740.48 566.4
Airplane 712.32 608.0 841.6 760.32
Airplane 721.28 279.04 845.44 419.2
Airplane 764.8 440.32 874.88 593.92
Airplane 852.48 146.56 1023.36 364.8
Airplane 911.36 391.04 1023.36 648.32
