Airplane 277.76 403.271203 371.2 434.636612
Airplane 389.12 274.608346 483.84 320.696503
Airplane 486.4 353.34185399999996 528.64 384.70794600000005
Airplane 496.64 366.144006 817.28 467.281963
Airplane 510.08 343.74024000000003 557.44 380.86675399999996
Airplane 588.8 244.52287900000002 677.76 286.13055599999996
Airplane 693.76 225.95962200000002 775.04 266.286674
Airplane 793.6 182.432032 869.76 219.55854599999998
Airplane 798.72 209.956932 878.72 249.64401300000003
Airplane 878.72 206.11642300000003 904.96 233.64132299999997
Airplane 902.4 186.272541 974.72 222.11911300000003
