Airplane 0.0 0.0 440.32 291.200256
Airplane 0.0 403.839744 509.44 665.600256
Airplane 0.0 291.200256 735.36 430.08000000000004
Airplane 149.76 0.0 623.36 129.920256
Airplane 344.32 181.76025600000003 535.68 245.12025600000004
Airplane 439.04 218.88 576.64 263.679744
Airplane 547.84 135.03974399999998 663.04 176.64000000000001
Airplane 577.92 333.44025600000003 945.92 478.08000000000004
Airplane 618.88 180.48 731.52 222.71999999999997
Airplane 675.84 476.799744 1023.36 632.960256
Airplane 689.28 142.07999999999998 834.56 204.159744
Airplane 719.36 194.55974399999997 830.72 241.280256
Airplane 835.84 271.359744 980.48 321.920256
