Airplane 58.88 100.581174 200.32 153.113526
Airplane 156.16 196.677144 276.48 239.60073599999998
Airplane 228.48 272.913894 353.92 314.55576
Airplane 295.04 108.26874000000001 424.96 153.113526
Airplane 305.28 343.38483 428.8 379.26088200000004
Airplane 367.36 414.49579199999994 477.44 458.05941
Airplane 498.56 265.866912 618.88 305.58646799999997
Airplane 510.08 117.87805800000001 640.0 158.238756
Airplane 732.16 119.159784 858.24 165.92632200000003
Airplane 961.28 129.409686 1023.36 178.098534
