Airplane 1.28 198.399744 133.76 267.519744
Airplane 18.56 203.52 1023.36 662.4000000000001
Airplane 22.4 261.759744 208.0 351.99974399999996
Airplane 255.36 215.679744 358.4 273.920256
Airplane 358.4 243.20025600000002 490.88 284.15999999999997
Airplane 604.8 481.280256 1023.36 764.7997439999999
Airplane 689.28 300.159744 769.92 338.55974399999997
Airplane 757.76 329.600256 886.4 354.560256
Airplane 766.08 311.04 834.56 343.68
Airplane 872.96 346.239744 908.16 368.64
Airplane 929.92 322.56 980.48 348.159744
Airplane 966.4 360.96 1016.96 387.200256
Airplane 974.72 400.640256 1020.16 457.599744
