Airplane 0.0 325.879125 37.12 379.018419
Airplane 0.0 331.001151 117.76 401.426324
Airplane 0.0 335.482732 207.36 447.523024
Airplane 9.6 311.793937 68.48 323.318112
Airplane 16.0 320.75709900000004 59.52 329.720261
Airplane 241.92 314.994628 273.28 327.799693
Airplane 279.68 284.903684 444.8 343.16500399999995
Airplane 396.16 293.227168 725.12 412.31082100000003
Airplane 443.52 281.062548 623.36 351.488488
Airplane 647.04 273.379509 908.16 376.45740600000005
Airplane 973.44 337.4033 1023.36 345.086339
