Airplane 152.96 399.16432399999997 226.56 425.43318700000003
Airplane 230.4 390.194485 310.4 419.025964
Airplane 276.48 442.73289400000004 369.92 469.64241100000004
Airplane 384.0 390.194485 458.88 415.18204
Airplane 431.36 335.09277699999996 513.92 367.769546
Airplane 516.48 333.170815 604.8 356.877062
Airplane 581.12 381.864617 659.84 408.134163
Airplane 672.64 329.326208 746.24 355.59575400000006
Airplane 687.36 526.666081 760.32 555.498243
Airplane 773.76 508.08506600000004 846.08 536.917228
Airplane 831.36 560.6241580000001 898.56 580.4857979999999
Airplane 922.24 514.492289 1002.24 540.761835
Airplane 984.96 344.06261600000005 1023.36 376.73938499999997
